name: physiological_measurements
channels:
  - conda-forge
  - defaults
dependencies:
  - ca-certificates=2021.10.8
  - certifi=2021.10.8
  - cvxopt=1.2.7
  - cycler=0.10.0
  - dsdp=5.8
  - fftw=3.3.10
  - freetype=2.10.4
  - glpk=4.65
  - gsl=2.7
  - icu=68.1
  - intel-openmp=2021.4.0
  - jbig=2.1
  - joblib=1.1.0
  - jpeg=9d
  - kiwisolver=1.3.2
  - lcms2=2.12
  - lerc=3.0
  - libblas=3.9.0
  - libcblas=3.9.0
  - libclang=11.1.0
  - libdeflate=1.8
  - liblapack=3.9.0
  - libpng=1.6.37
  - libtiff=4.3.0
  - libzlib=1.2.11
  - lz4-c=1.9.3
  - m2w64-gcc-libgfortran=5.3.0
  - m2w64-gcc-libs=5.3.0
  - m2w64-gcc-libs-core=5.3.0
  - m2w64-gmp=6.1.0
  - m2w64-libwinpthread-git=5.0.0.4634.697f757
  - matplotlib=3.4.3
  - matplotlib-base=3.4.3
  - mkl=2021.4.0
  - msys2-conda-epoch=20160418
  - neurokit2=0.1.4.1
  - numpy=1.21.3
  - olefile=0.46
  - openjpeg=2.4.0
  - openssl=1.1.1l
  - pandas=1.3.4
  - pillow=8.3.2
  - pip=21.3.1
  - pyparsing=3.0.1
  - pyqt=5.12.3
  - pyqt-impl=5.12.3
  - pyqt5-sip=4.19.18
  - pyqtchart=5.12
  - pyqtwebengine=5.12.1
  - python=3.8.12
  - python-dateutil=2.8.2
  - python_abi=3.8
  - pytz=2021.3
  - qt=5.12.9
  - scikit-learn=1.0.1
  - scipy=1.7.1
  - setuptools=58.2.0
  - six=1.16.0
  - sqlite=3.36.0
  - tabulate=0.8.9
  - tbb=2021.4.0
  - threadpoolctl=3.0.0
  - tk=8.6.11
  - tornado=6.1
  - ucrt=10.0.20348.0
  - vc=14.2
  - vs2015_runtime=14.29.30037
  - wheel=0.37.0
  - xz=5.2.5
  - zlib=1.2.11
  - zstd=1.5.0
